mu: 0.2
CNM Evaluation:
Modularity: 0.7574398847406086, Coverage: 0.8047595920349684, Performance: 0.9577837837837838, Rand Index: 0.0027123218936784227, NMI: 0.6309254790889973
Louvain Evaluation:
Modularity: 0.760441313453227, Coverage: 0.8013598834385625, Performance: 0.9616476476476477, Rand Index: 0.0032781003303376612, NMI: 0.6428283764062019
