mu: 0.4
CNM Evaluation:
Modularity: 0.5599129690974097, Coverage: 0.6303294573643411, Performance: 0.9348248248248249, Rand Index: 5.313452540083279e-05, NMI: 0.5714178711073088
Louvain Evaluation:
Modularity: 0.5672872160627364, Coverage: 0.624031007751938, Performance: 0.947925925925926, Rand Index: 9.798496117869117e-05, NMI: 0.600556174686404
