mu: 0.5
CNM Evaluation:
Modularity: 0.5412303123238972, Coverage: 0.6117817479478512, Performance: 0.937905905905906, Rand Index: 0.00012589770059850063, NMI: 0.5806814273941218
Louvain Evaluation:
Modularity: 0.551465001150607, Coverage: 0.6103331723804926, Performance: 0.9453133133133134, Rand Index: 1.5880381509614824e-05, NMI: 0.5938341795190768
