mu: 0.1
CNM Evaluation:
Modularity: 0.9105604342393936, Coverage: 0.936919315403423, Performance: 0.9786386386386386, Rand Index: 0.006087276245133494, NMI: 0.6986234250314177
Louvain Evaluation:
Modularity: 0.9087242424423575, Coverage: 0.9378973105134474, Performance: 0.9755815815815816, Rand Index: 0.005405824174519875, NMI: 0.6869394406418927
