mu: 0.1
CNM Evaluation:
Modularity: 0.9105604342393936, Coverage: 0.936919315403423, Performance: 0.9786386386386386, Rand Index: 0.006087276245133494, NMI: 0.6986234250314177
Louvain Evaluation:
Modularity: 0.9080920128406691, Coverage: 0.9383863080684597, Performance: 0.974076076076076, Rand Index: 0.005122098457037023, NMI: 0.6821426756215879
