mu: 0.5
CNM Evaluation:
Modularity: 0.5412303123238972, Coverage: 0.6117817479478512, Performance: 0.937905905905906, Rand Index: 0.00012589770059850063, NMI: 0.5806814273941218
Louvain Evaluation:
Modularity: 0.5453053491444824, Coverage: 0.6079188797682279, Performance: 0.942924924924925, Rand Index: -5.900017156482695e-05, NMI: 0.5846288390478535
