mu: 0.30000000000000004
CNM Evaluation:
Modularity: 0.5969943815495586, Coverage: 0.6677949709864603, Performance: 0.9374134134134134, Rand Index: 0.00043476671481590845, NMI: 0.5790205887246374
Louvain Evaluation:
Modularity: 0.5989315403926088, Coverage: 0.6484526112185687, Performance: 0.9534114114114114, Rand Index: 0.0006247259912954166, NMI: 0.6102921431734879
