mu: 0.4
CNM Evaluation:
Modularity: 0.5599129690974097, Coverage: 0.6303294573643411, Performance: 0.9348248248248249, Rand Index: 5.313452540083279e-05, NMI: 0.5714178711073088
Louvain Evaluation:
Modularity: 0.5615175104035213, Coverage: 0.6201550387596899, Performance: 0.9431891891891891, Rand Index: 0.00035640460319076437, NMI: 0.5883401324790404
