mu: 0.30
CNM Evaluation:
Modularity: 0.5969943815495586, Coverage: 0.6677949709864603, Performance: 0.9374134134134134, Rand Index: 0.00043476671481590845, NMI: 0.5790205887246374
Louvain Evaluation:
Modularity: 0.5992518865347994, Coverage: 0.6508704061895552, Performance: 0.9506206206206206, Rand Index: 0.0004249889352953775, NMI: 0.6026835909802357
