mu: 0.2
CNM Evaluation:
Modularity: 0.7574398847406086, Coverage: 0.8047595920349684, Performance: 0.9577837837837838, Rand Index: 0.0027123218936784227, NMI: 0.6309254790889973
Louvain Evaluation:
Modularity: 0.7576448626612552, Coverage: 0.7955318115590092, Performance: 0.9659299299299299, Rand Index: 0.0032458016085516956, NMI: 0.6536790672717385
